---------------------------------------------
Cliente   Facilidade
---------------------------------------------
       1         6
       2         3
       3        10
       4         6
       5         3
       6        10
       7         7
       8         9
       9         7
      10         6
      11         9
      12        10
      13         6
      14         3
      15        10
      16        10
      17         3
      18         7
      19         6
      20         3
      21        10
      22         6
      23         3
      24        10
      25         9
---------------------------------------------
Custo total (z): 340.070000 
