--- Matriz de Distâncias ---
Dimensões: 50 clientes x 20 facilidades

Cliente  0:   67.49   73.02   89.05   73.92   36.50   93.26   15.12  105.38   31.01   75.51   79.87   44.61   82.82   29.01   68.90   76.04   26.43  101.28   36.28   91.86 
Cliente  1:   43.75   45.98   79.84   73.02   14.34   67.89   12.75   86.74   36.02   59.13   53.43   18.60   78.35    9.12   69.74   51.41   41.55   76.24   31.98   73.98 
Cliente  2:   36.45    2.75   91.57   98.17   44.15   40.48   59.46   77.45   75.89   63.49   25.33   29.92   97.73   48.92   97.59   35.05   85.37   48.25   66.64   69.78 
Cliente  3:   59.33   75.79   70.08   53.42   32.32   85.91   21.64   90.71   10.77   60.49   75.12   50.33   62.71   27.11   48.32   68.39    9.65   93.13   19.28   77.08 
Cliente  4:   16.81   26.10   69.08   73.41   22.57   36.87   42.71   62.82   52.73   41.97   22.14   23.98   73.70   29.29   72.66   21.70   63.55   45.37   42.62   52.21 
Cliente  5:   35.53   58.65   54.41   46.85   15.91   62.02   26.57   68.21   19.07   38.23   52.39   39.51   51.94   17.33   44.03   44.60   31.32   69.04    8.52   54.64 
Cliente  6:   11.01   30.71   64.56   75.09   37.49   19.80   58.85   49.72   63.94   36.36    7.79   40.34   72.52   44.85   75.75    6.74   76.04   28.26   52.78   41.45 
Cliente  7:   43.25   72.32   43.20   31.64   31.25   68.19   38.90   64.91   17.09   35.17   61.69   54.91   37.97   32.43   28.60   51.81   29.84   74.02   10.15   51.45 
Cliente  8:   25.40   41.47   67.15   83.24   55.34    1.80   76.91   41.82   79.59   41.09   14.60   57.66   78.10   62.79   85.11   16.33   92.22   10.36   68.15   38.55 
Cliente  9:   32.52   68.06   30.43   31.82   35.95   54.02   51.20   46.77   34.97   17.13   51.05   57.86   31.71   40.52   32.29   39.56   47.95   58.71   25.37   33.29 
Cliente 10:   25.29   52.36   55.01   73.29   56.31   12.46   78.14   28.62   75.90   30.97   24.38   63.77   66.95   63.87   75.85   18.22   89.00   13.25   64.46   25.49 
Cliente 11:   46.57   83.16   18.70   18.41   50.19   64.98   62.70   47.53   40.77   24.06   64.53   72.78   16.42   53.81   21.01   52.55   52.16   68.26   34.40   35.78 
Cliente 12:   33.44   66.72   41.69   63.33   61.67   28.43   82.76   13.28   74.76   23.89   39.11   73.86   55.16   68.91   66.88   29.84   88.01   26.91   63.85   11.21 
Cliente 13:   62.08   99.16   16.03   11.38   65.64   78.25   76.15   53.53   51.12   37.35   79.54   88.60    1.00   68.64   17.46   67.39   60.38   80.43   47.39   44.55 
Cliente 14:   45.58   81.48   30.43   55.55   69.80   44.48   89.43    7.51   76.32   25.77   54.43   85.34   45.36   76.44   60.19   44.07   89.20   42.45   66.50   10.27 
Cliente 15:   40.30   31.69   85.82   83.18   20.97   60.53   27.60   86.04   49.96   61.62   44.69    3.42   86.79   21.09   80.68   46.03   56.57   69.12   43.91   74.43 
Cliente 16:   72.85   85.60   82.76   63.65   44.12   99.40   27.36  104.86   23.70   74.66   87.85   58.30   74.05   37.70   58.00   81.86   12.88  106.81   33.45   91.24 
Cliente 17:   32.57   40.80   71.02   67.24    5.02   57.24   21.34   75.68   35.77   48.69   43.46   18.70   71.12    8.15   64.75   40.45   44.46   65.47   28.39   63.09 
Cliente 18:   31.36   15.22   85.61   95.42   48.09   28.71   66.32   67.42   78.67   57.42   15.44   39.28   93.44   54.12   95.62   27.13   89.40   36.10   68.40   61.17 
Cliente 19:   41.11   62.58   57.12   46.87   18.65   67.63   23.81   73.14   13.92   42.99   57.74   41.49   53.20   17.73   43.39   50.19   25.76   74.68    5.63   59.52 
Cliente 20:    8.35   30.34   63.43   72.24   32.31   24.81   53.70   51.81   59.10   35.27   12.36   36.27   70.43   39.67   72.54    9.33   71.06   33.16   48.04   42.42 
Cliente 21:   48.91   76.75   46.19   31.09   34.35   74.03   38.65   70.13   13.25   40.66   67.23   57.77   39.12   34.32   27.06   57.54   25.06   79.89   10.98   56.76 
Cliente 22:    7.29   45.72   47.93   58.21   33.73   28.27   55.30   40.26   52.77   19.78   24.33   46.28   55.40   41.16   59.20   12.60   65.73   34.53   41.29   28.90 
Cliente 23:   59.46   90.62   39.76   17.88   49.43   82.55   53.33   70.80   25.50   44.35   78.18   72.99   28.62   49.70   12.59   67.38   32.95   87.31   26.36   58.48 
Cliente 24:   22.73   61.13   32.42   44.85   40.99   38.58   60.50   32.70   50.08    4.46   39.02   58.47   40.55   47.50   46.84   26.81   63.32   42.41   39.28   19.20 
Cliente 25:   40.06   58.76   67.17   87.80   71.12   16.20   92.95   33.69   92.02   46.06   32.59   75.49   80.37   78.68   90.80   31.68  105.09    7.79   80.57   36.68 
Cliente 26:   39.26   77.63   15.88   33.01   53.00   52.33   69.75   31.48   52.67   12.38   55.13   73.01   25.74   58.40   36.69   42.91   65.17   54.36   43.88   19.75 
Cliente 27:   43.77   70.62   55.35   78.51   74.14   27.72   95.77   18.84   89.94   39.63   42.87   83.02   69.63   81.61   82.32   37.44  103.20   21.67   78.84   25.93 
Cliente 28:   55.08   93.45    0.58   27.28   66.56   66.51   81.11   37.43   59.88   28.13   70.65   87.74   15.79   71.14   32.82   58.48   71.02   67.40   53.27   30.11 
Cliente 29:   52.63   84.14   46.23   71.80   80.59   42.50  101.36    9.43   90.95   39.39   56.17   93.02   61.35   87.71   76.48   48.37  104.04   37.48   80.60   22.84 
Cliente 30:   58.05   61.77   85.57   73.61   26.96   83.26    5.28   98.23   31.57   69.01   69.36   33.43   81.18   19.41   69.22   66.30   31.69   91.44   33.12   84.93 
Cliente 31:   34.50   16.58   86.61   88.61   29.29   49.21   42.16   80.11   60.96   59.90   32.83   12.52   90.18   32.72   87.08   37.52   69.34   57.74   52.90   70.01 
Cliente 32:   58.04   71.26   74.17   59.05   29.04   84.52   15.17   92.38   16.14   62.22   72.76   44.88   67.78   22.84   54.19   67.00   15.67   92.07   21.72   78.76 
Cliente 33:   21.30   28.32   70.38   72.41   17.22   43.00   36.63   67.18   48.39   44.29   28.32   19.23   73.74   23.48   71.14   27.35   58.61   51.47   38.90   55.92 
Cliente 34:   61.80   82.36   64.43   45.46   38.15   88.13   30.97   88.52    7.53   58.63   78.79   58.28   55.60   34.25   40.00   70.84    6.26   94.83   19.01   75.02 
Cliente 35:   17.31   43.58   54.71   56.17   15.43   43.86   36.79   57.22   37.73   30.41   33.72   32.96   57.39   22.71   55.18   26.33   49.87   51.31   26.70   44.54 
Cliente 36:   29.87   32.17   77.98   92.17   55.88   13.39   76.43   53.94   83.39   50.90   12.03   53.10   88.05   62.91   93.47   21.76   95.38   19.51   72.25   50.27 
Cliente 37:   25.40   58.54   40.42   40.95   26.01   49.84   43.13   50.93   32.45   20.91   44.09   47.50   41.97   31.25   40.44   33.64   45.69   55.74   21.26   37.33 
Cliente 38:   22.49   43.91   62.04   78.32   53.25    5.08   75.02   37.59   76.09   36.08   16.06   57.66   73.03   60.78   80.30   13.70   88.90   11.57   64.62   33.59 
Cliente 39:   39.40   74.90   26.48   24.89   41.08   60.16   54.29   48.88   34.54   21.10   57.85   63.69   25.39   44.87   25.55   46.23   46.89   64.40   26.64   35.91 
Cliente 40:   26.32   57.89   47.52   66.73   56.19   20.08   77.77   22.14   72.75   24.85   30.18   66.40   59.84   63.64   69.61   21.45   85.98   20.27   61.47   17.80 
Cliente 41:   54.17   90.66   17.80   11.60   56.50   72.12   67.40   51.78   43.30   31.02   72.09   79.49    9.68   59.56   15.62   60.07   53.50   75.05   38.68   41.07 
Cliente 42:   37.21   72.57   34.50   57.35   63.06   35.92   83.43    9.53   72.76   21.15   45.46   77.35   48.47   70.00   61.31   35.20   85.90   34.65   62.32    4.98 
Cliente 43:   69.47  106.50   20.90   13.01   72.28   85.31   81.70   58.84   55.61   44.56   86.89   95.44    7.41   74.92   18.92   74.72   63.79   87.23   53.03   50.80 
Cliente 44:   50.73   87.57   25.20   51.38   72.76   51.69   91.49   14.04   76.18   27.97   60.96   89.71   40.41   79.04   56.45   50.14   88.72   49.85   67.03   15.43 
Cliente 45:   46.63   11.32  100.82  104.30   45.17   54.35   55.64   90.10   76.62   73.31   38.72   24.69  105.35   47.98  102.94   47.12   84.35   62.25   68.86   81.47 
Cliente 46:   46.10   48.27   80.97   73.32   16.19   70.39   10.50   88.74   35.29   60.85   55.98   20.52   79.02   10.10   69.86   53.86   40.07   78.73   32.07   75.89 
Cliente 47:   40.99    7.65   96.03  103.83   50.90   40.81   66.18   79.51   82.60   67.83   27.27   36.31  102.87   55.73  103.46   38.29   92.17   47.93   73.21   72.82 
Cliente 48:   29.14   38.39   69.57   67.13    5.92   53.66   24.90   72.77   37.76   46.36   39.91   18.69   70.40   11.40   64.95   36.92   47.10   61.91   29.55   60.36 
Cliente 49:   64.75   84.02   68.03   48.58   40.01   91.18   30.73   92.18   10.84   62.25   81.46   59.20   58.96   35.54   43.00   73.82    2.56   97.99   22.24   78.67 

